33,158
78,35
10,191
10,120
10,158
10,286
10,22
10,284
10,276
11,19
11,8
11,14
11,25
11,6
11,9
9,5
8,9
8,10
8,14
12,2
12,1
12,3
35,10
35,9
35,8
35,7
35,6
35,5
35,4
35,3
35,1
34,5
34,4
34,3
34,1
33,157
33,156
33,155
33,154
33,153
33,152
33,151
33,150
33,149
33,148
33,147
33,146
33,145
33,144
33,143
33,142
33,141
33,140
33,139
20,2
33,138
20,1
33,137
20,3
33,136
33,135
33,134
33,133
33,132
33,131
33,130
33,129
33,126
33,125
33,124
33,123
33,122
33,121
33,120
33,119
33,118
33,117
33,116
33,115
33,114
33,113
19,2
33,112
19,1
33,111
19,3
33,110
33,103
33,81
33,80
33,19
33,18
33,17
33,16
33,15
33,14
33,13
33,12
33,9
33,8
33,7
33,6
33,5
33,4
33,3
33,2
33,1
33,0
31,7
31,5
31,4
31,3
31,1
30,4
30,3
30,1
29,4
29,3
29,1
28,5
28,4
28,3
28,1
27,5
27,4
27,3
27,1
26,4
26,1
26,3
